0611	2.0	1.0
0613	1.0	1.0
0623	1.0	1.0
0625	1.0	1.0
0633	2.0	2.0
0642	1.0	2.0
0644	1.0	2.0
0714	2.0	2.0
0715	2.0	2.0
0716	2.0	2.0
0719	2.0	1.0
0723	1.0	2.0
0802	1.0	2.0
0812	1.0	1.0
0813	1.0	1.0
0816	2.0	2.0
0825	1.0	2.0
0827	1.0	1.0
0924	1.0	1.0
0930	1.0	2.0
1003	1.0	1.0
1005	1.0	1.0
1014	2.0	2.0
1022	2.0	1.0
1023	1.0	2.0
BER0609003	2.0	2.0
LIB0611004A	1.0	1.0
MOS0509004	2.0	1.0
MOS0611015	2.0	3.0
PAR1011008A	1.0	1.0
PAR1011009A	1.0	2.0
PAR1011013	2.0	3.0
PAR1011014	2.0	3.0
PAR1011015	2.0	2.0
PAR1011016	3.0	3.0
PHA0111001A	1.0	1.0
PHA0111014	1.0	2.0
PHA0112003A	1.0	1.0
PHA0112003B	1.0	1.0
PHA0112006A	2.0	2.0
PHA0112006B	2.0	2.0
PHA0112009A	2.0	2.0
PHA0209013	1.0	1.0
PHA0209026	3.0	3.0
PHA0209034	2.0	3.0
PHA0209038	3.0	3.0
PHA0411008A	1.0	2.0
PHA0411011B	1.0	2.0
PHA0411012A	1.0	1.0
PHA0411030	3.0	3.0
PHA0411033	2.0	2.0
PHA0411036	3.0	2.0
PHA0411042	2.0	3.0
PHA0411045	2.0	2.0
PHA0411056	3.0	3.0
PHA0509017	2.0	3.0
PHA0509018	3.0	3.0
PHA0509019	2.0	3.0
PHA0509020	3.0	3.0
PHA0509022	3.0	3.0
PHA0509031	2.0	3.0
PHA0509044	2.0	2.0
PHA0510002A	1.0	1.0
PHA0510003A	1.0	1.0
PHA0510013B	1.0	1.0
PHA0510035	3.0	3.0
PHA0610005B	1.0	1.0
PHA0610006A	1.0	1.0
PHA0610017	3.0	3.0
PHA0710019	3.0	3.0
PHA0809010	2.0	2.0
PHA0810006	2.0	2.0
PHA0810008	2.0	3.0
PHA0811010	2.0	2.0
PHA0811014	2.0	2.0
PHA1109002	3.0	3.0
PHA1109007	2.0	2.0
PHA1110001A	1.0	1.0
PHA1110004A	1.0	1.0
PHA1111002A	1.0	1.0
PHA1111003A	1.0	1.0
PHA1111004B	1.0	1.0
PHA1111008B	1.0	1.0
VAR0909005	2.0	2.0
VAR0909008	2.0	2.0
VAR0909009	3.0	3.0
0608	1.0	1.0
0610	1.0	2.0
0615	1.0	1.0
0618	1.0	2.0
0619	2.0	1.0
0622	1.0	1.0
0624	2.0	2.0
0627	2.0	2.0
0804	1.0	1.0
0806	1.0	2.0
0808	1.0	2.0
0809	2.0	2.0
0818	1.0	2.0
0819	3.0	2.0
0823	2.0	2.0
0824	1.0	1.0
0826	1.0	1.0
0828	2.0	2.0
0901	2.0	2.0
0906	2.0	2.0
0922	1.0	1.0
0923	2.0	2.0
0928	2.0	2.0
1001	1.0	1.0
1002	2.0	2.0
1007	2.0	2.0
1010	1.0	2.0
1117	1.0	1.0
BER0611007	2.0	2.0
KYJ0611005A	1.0	1.0
KYJ0611006A	1.0	1.0
KYJ0611006B	1.0	1.0
LIB0611001B	1.0	1.0
MOS0509001	2.0	2.0
PHA0111001B	1.0	1.0
PHA0111004B	1.0	1.0
PHA0111005A	1.0	1.0
PHA0111005B	1.0	1.0
PHA0111015	3.0	3.0
PHA0111016	3.0	3.0
PHA0112009B	2.0	1.0
PHA0112012B	1.0	1.0
PHA0209028	2.0	2.0
PHA0210007	1.0	2.0
PHA0411010B	1.0	1.0
PHA0411011A	1.0	1.0
PHA0411012B	1.0	1.0
PHA0411032	2.0	3.0
PHA0411037	2.0	2.0
PHA0411039	2.0	3.0
PHA0411043	2.0	2.0
PHA0411044	3.0	3.0
PHA0411055	3.0	3.0
PHA0411060	2.0	3.0
PHA0411061	3.0	3.0
PHA0509007	1.0	1.0
PHA0509025	3.0	3.0
PHA0509026	3.0	3.0
PHA0509027	2.0	2.0
PHA0509034	2.0	3.0
PHA0509036	3.0	3.0
PHA0509039	3.0	3.0
PHA0509042	3.0	3.0
PHA0510002B	1.0	1.0
PHA0510003B	1.0	1.0
PHA0510023	3.0	3.0
PHA0510030	2.0	3.0
PHA0510036	3.0	3.0
PHA0510046	2.0	2.0
PHA0510050	2.0	3.0
PHA0610005A	1.0	1.0
PHA0610019A	1.0	1.0
PHA0709008	3.0	3.0
PHA0710011	3.0	3.0
PHA0710016	3.0	2.0
PHA0809009	2.0	2.0
PHA0810003	2.0	3.0
PHA0810004	2.0	2.0
PHA0810015	3.0	3.0
PHA1110002B	2.0	1.0
PHA1110015	3.0	3.0
PHA1110021	2.0	2.0
PHA1111001B	1.0	1.0
VAR0909007	2.0	2.0
0614	2.0	2.0
0620	1.0	2.0
0621	2.0	2.0
0626	2.0	1.0
0630	1.0	1.0
0631	2.0	2.0
0634	2.0	2.0
0636	2.0	2.0
0641	1.0	1.0
0643	2.0	2.0
0645	2.0	2.0
0720	1.0	1.0
0801	1.0	2.0
0807	2.0	2.0
0811	2.0	2.0
0814	1.0	1.0
0817	1.0	2.0
0820	1.0	1.0
0821	2.0	2.0
0822	1.0	2.0
0829	1.0	2.0
0902	2.0	2.0
0903	1.0	1.0
0904	1.0	1.0
0910	1.0	1.0
0911	1.0	1.0
0913	2.0	2.0
0915	2.0	2.0
0920	2.0	2.0
0921	1.0	1.0
0927	2.0	2.0
1006	2.0	2.0
1008	1.0	1.0
1009	2.0	1.0
1015	1.0	2.0
1018	1.0	1.0
1115	1.0	2.0
1116	1.0	2.0
BER0611005	2.0	3.0
KYJ0611003A	1.0	1.0
KYJ0611004A	1.0	1.0
KYJ0611009B	1.0	1.0
LIB0611001A	1.0	1.0
LIB0611002B	1.0	1.0
LIB0611003A	1.0	1.0
LIB0611004B	1.0	1.0
LON0610002A	1.0	1.0
LON0611002A	1.0	1.0
LON0611003	3.0	3.0
LON0611004A	1.0	1.0
LON0611004B	1.0	1.0
MOS0611012	2.0	2.0
PAR1011018	3.0	2.0
PHA0111018	2.0	2.0
PHA0112002A	1.0	1.0
PHA0112002B	1.0	2.0
PHA0411008B	1.0	1.0
PHA0411031	3.0	3.0
PHA0411054	3.0	2.0
PHA0509030	3.0	3.0
PHA0509033	1.0	2.0
PHA0509035	2.0	2.0
PHA0509037	3.0	3.0
PHA0509040	2.0	2.0
PHA0510010B	1.0	1.0
PHA0510031	2.0	2.0
PHA0510039	2.0	3.0
PHA0510047	2.0	2.0
PHA0610006B	1.0	1.0
PHA0610007A	1.0	1.0
PHA0710009	2.0	2.0
PHA0710013	3.0	3.0
PHA0810002	2.0	2.0
PHA0810012	2.0	2.0
PHA0811016	2.0	2.0
PHA0811017	3.0	3.0
PHA0811019	3.0	3.0
PHA1109004	3.0	3.0
PHA1109005	2.0	2.0
PHA1109027	3.0	2.0
PHA1110001B	1.0	1.0
PHA1110016	2.0	2.0
PHA1110022	3.0	3.0
PHA1111003B	1.0	1.0
PHA1111004A	1.0	2.0
PHA1111006A	1.0	1.0
PHA1111006B	1.0	1.0
PHA1111008A	1.0	1.0
ST071122B	1.0	1.0
VAR0909006	3.0	3.0
VAR0910005	2.0	2.0
VAR0910009	3.0	3.0
VAR0910011	2.0	2.0
0601	1.0	1.0
0602	1.0	2.0
0604	2.0	2.0
0616	1.0	2.0
0632	1.0	1.0
0635	1.0	2.0
0637	2.0	2.0
0640	2.0	2.0
0717	1.0	1.0
0718	1.0	2.0
0724	2.0	2.0
0805	2.0	2.0
0815	2.0	2.0
0905	2.0	2.0
0907	2.0	2.0
0912	2.0	2.0
0914	1.0	2.0
0919	1.0	2.0
0925	2.0	2.0
0929	1.0	1.0
1016	1.0	1.0
1017	1.0	1.0
1019	1.0	2.0
1020	2.0	2.0
1021	1.0	2.0
1112	1.0	2.0
1113	1.0	2.0
9999	1.0	1.0
KYJ0611005B	1.0	1.0
KYJ0611009A	1.0	1.0
LON0610002B	1.0	2.0
LON0611002B	1.0	1.0
MOS0611013	2.0	3.0
PAR1011009B	1.0	2.0
PHA0111002A	2.0	1.0
PHA0111003A	1.0	1.0
PHA0111010	3.0	3.0
PHA0111012	2.0	2.0
PHA0112007A	1.0	1.0
PHA0209001	1.0	2.0
PHA0209008	1.0	1.0
PHA0209031	3.0	3.0
PHA0411009B	1.0	1.0
PHA0411010A	1.0	1.0
PHA0411034	1.0	1.0
PHA0411035	3.0	3.0
PHA0411038	3.0	3.0
PHA0411047	2.0	3.0
PHA0411062	2.0	3.0
PHA0509002	1.0	1.0
PHA0509021	2.0	2.0
PHA0509024	2.0	2.0
PHA0509028	3.0	3.0
PHA0509043	3.0	3.0
PHA0509045	2.0	2.0
PHA0510004A	1.0	1.0
PHA0510027	2.0	2.0
PHA0510034	3.0	3.0
PHA0510038	3.0	3.0
PHA0510040	2.0	3.0
PHA0510049	2.0	3.0
PHA0610007B	1.0	1.0
PHA0610015	2.0	3.0
PHA0610016	3.0	3.0
PHA0710010	2.0	3.0
PHA0710012	3.0	3.0
PHA0710014	3.0	3.0
PHA0710015	3.0	3.0
PHA0710017	3.0	3.0
PHA0710018	3.0	3.0
PHA0710021	3.0	3.0
PHA0810010	2.0	3.0
PHA0810011	2.0	3.0
PHA0811012	3.0	3.0
PHA0811013	3.0	3.0
PHA0811020	2.0	2.0
PHA1109003	2.0	2.0
PHA1109024	3.0	3.0
PHA1109026	3.0	3.0
PHA1110003A	1.0	2.0
VAR0209036	2.0	3.0
VAR0909004	2.0	3.0
VAR0910004	3.0	3.0
VAR0910006	2.0	3.0
0603	2.0	2.0
0605	2.0	2.0
0606	2.0	2.0
0607	2.0	2.0
0609	1.0	2.0
0612	1.0	1.0
0617	1.0	1.0
0628	2.0	2.0
0629	2.0	2.0
0638	1.0	2.0
0639	1.0	2.0
0721	2.0	2.0
0722	2.0	2.0
0725	1.0	2.0
0803	1.0	2.0
0810	1.0	2.0
0916	1.0	1.0
0917	1.0	1.0
0918	1.0	2.0
0926	2.0	2.0
1004	1.0	1.0
1111	1.0	1.0
1114	2.0	2.0
BER0611003	2.0	3.0
BER0611006	2.0	3.0
LIB0611002A	1.0	1.0
LIB0611011	1.0	2.0
MOS0611014	1.0	2.0
PAR1011017	3.0	3.0
PHA0111002B	2.0	2.0
PHA0111003B	1.0	1.0
PHA0111004A	1.0	1.0
PHA0111011	2.0	2.0
PHA0112007B	1.0	1.0
PHA0112012A	1.0	2.0
PHA0209024	2.0	2.0
PHA0209039	2.0	3.0
PHA0210001	1.0	1.0
PHA0210004	1.0	1.0
PHA0210008	1.0	1.0
PHA0411009A	1.0	1.0
PHA0411027	2.0	2.0
PHA0411028	2.0	2.0
PHA0411029	2.0	2.0
PHA0411041	3.0	3.0
PHA0411051	3.0	3.0
PHA0411053	3.0	3.0
PHA0411058	3.0	3.0
PHA0411059	3.0	3.0
PHA0509013	1.0	1.0
PHA0509015	3.0	2.0
PHA0509032	2.0	3.0
PHA0509038	2.0	2.0
PHA0509041	2.0	3.0
PHA0510004B	1.0	1.0
PHA0510010A	1.0	1.0
PHA0510013A	1.0	1.0
PHA0510029	3.0	3.0
PHA0510032	3.0	3.0
PHA0510037	2.0	2.0
PHA0510048	2.0	2.0
PHA0610018	3.0	3.0
PHA0610019B	1.0	2.0
PHA0610025	3.0	3.0
PHA0610026	3.0	3.0
PHA0810001	3.0	3.0
PHA0810009	3.0	3.0
PHA1109001	1.0	2.0
PHA1109006	2.0	2.0
PHA1109008	1.0	1.0
PHA1109023	1.0	1.0
PHA1109025	1.0	1.0
PHA1109028	2.0	3.0
PHA1110002A	2.0	2.0
PHA1110003B	1.0	2.0
PHA1110013	2.0	3.0
PHA1110014	2.0	3.0
PHA1110017	2.0	2.0
PHA1110019	2.0	2.0
PHA1111001A	1.0	1.0
PHA1111002B	1.0	1.0
PHA1111009A	1.0	1.0
TI071122B	1.0	1.0
VAR0909003	2.0	3.0
VAR0909010	2.0	2.0
VAR0910007	2.0	3.0
VAR0910010	3.0	2.0